model;mean_fit_time;std_fit_time;mean_score_time;std_score_time;param_algorithm;param_metric;param_n_neighbors;param_metric_params;split0_test_score;split1_test_score;split2_test_score;split3_test_score;split4_test_score;split5_test_score;split6_test_score;split7_test_score;split8_test_score;split9_test_score;split10_test_score;split11_test_score;split12_test_score;split13_test_score;split14_test_score;split15_test_score;split16_test_score;split17_test_score;split18_test_score;split19_test_score;split20_test_score;split21_test_score;split22_test_score;split23_test_score;split24_test_score;split25_test_score;split26_test_score;split27_test_score;split28_test_score;split29_test_score;split30_test_score;split31_test_score;split32_test_score;split33_test_score;split34_test_score;split35_test_score;split36_test_score;split37_test_score;split38_test_score;split39_test_score;split40_test_score;split41_test_score;split42_test_score;split43_test_score;split44_test_score;split45_test_score;split46_test_score;split47_test_score;split48_test_score;split49_test_score;split50_test_score;split51_test_score;split52_test_score;split53_test_score;split54_test_score;split55_test_score;split56_test_score;split57_test_score;split58_test_score;split59_test_score;split60_test_score;split61_test_score;split62_test_score;split63_test_score;split64_test_score;split65_test_score;split66_test_score;split67_test_score;split68_test_score;split69_test_score;split70_test_score;split71_test_score;split72_test_score;split73_test_score;split74_test_score;split75_test_score;split76_test_score;split77_test_score;split78_test_score;split79_test_score;split80_test_score;split81_test_score;split82_test_score;split83_test_score;split84_test_score;split85_test_score;split86_test_score;split87_test_score;split88_test_score;split89_test_score;split90_test_score;split91_test_score;split92_test_score;split93_test_score;split94_test_score;split95_test_score;split96_test_score;split97_test_score;split98_test_score;split99_test_score;mean_test_score;std_test_score;rank_test_score
algorithm:auto_metric:minkowski_n_neighbors:2;0.000315556526184082;7.947974634532437e-05;0.0005383062362670899;0.00012361153028006078;auto;minkowski;2;;-0.00604649877912697;-0.0006463439409084013;-0.0030477251083380237;-0.011288986501065863;-0.00046032019072209503;-0.03310626676728515;-0.0007786943955437341;-0.002234131904563681;-0.0010220337240910708;-0.00059605568564131;-0.027702709837068556;-0.00992686733961413;-0.0028175988413776053;-0.000745355910832554;-0.006413612650209216;-0.001345346508700731;-0.0009347282143015267;-0.0017361052400348047;-0.0011966022060607131;-0.0013498549452482507;-0.0005537927829625413;-0.0015084199351207133;-0.0023253048531306037;-0.007262394908058038;-0.0005770952796313294;-0.0022996499074799982;-0.0013456943269987785;-0.007381998747996406;-0.0004909406688701571;-0.03495814544553745;-0.029760309516422404;-0.0022383849321026754;-0.002360167174359998;-0.04281678085781577;-0.002201076514977525;-0.007479029235397097;-0.0008737065467162401;-0.00236557385120385;-0.0003453806363314386;-0.002294500839865861;-0.0021392427365874906;-0.009211247968070975;-0.0027738791630886384;-0.032733808925662654;-0.0016437863429371504;-0.0005008711838097826;-4.2125618044788213e-05;-0.0013129761213083102;-0.005797194284259837;-0.008807045335277952;-0.02518316299510663;-0.0013628215820631277;-0.00975883828169199;-0.006362138292374874;-0.006170559350415145;-0.0015086194218409425;-0.002306137809681557;-0.016438769920497285;-0.003762417820061294;-0.0008943622231446378;-0.0022975761531808564;-0.015395989760854151;-0.0005320776541985168;-0.0014636731202446877;-0.001172653715286187;-0.03446593231541877;-0.0036676770295008595;-0.0005665375183039241;-0.000282266375053165;-0.002078945904366859;-0.0023659352375325015;-0.0013171677260060575;-0.0007619785818398571;-0.0012445274237815635;-0.0026402258108118117;-0.0032728599902021277;-0.06361046909329397;-0.006408969450114478;-0.0008341900242862105;-0.001378190860405461;-0.026226529880397465;-0.0007838077095637163;-0.001948112502234441;-0.01011384836936506;-0.00436364750915677;-0.006562638764511911;-0.0008187450216649655;-0.000597764157386799;-0.0017702372711845453;-0.0009615452434381661;-0.0280360812995015;-0.006826609016999385;-0.0005022828090478724;-0.0022650120088108607;-0.0013327548262451114;-0.0012477369964264233;-0.00025863673299782804;-0.0008156529775014172;-0.003038157079837642;-0.011760640581136248;-0.006595324755297285;0.010865740189108514;1
algorithm:auto_metric:minkowski_n_neighbors:1;0.0004575395584106445;0.0002505055258984236;0.0008321046829223633;0.000889172597436312;auto;minkowski;1;;-0.018166766978783944;-0.00047616453348732723;-0.00343640371389913;-0.013818064471985476;-0.0009252003398376556;-0.020168319369772654;-0.0017888274899811546;-0.023889417769499457;-0.0009697907556582109;-0.0009385417476600165;-0.018248248319760955;-0.011396841343260147;-0.0028013186714671745;-0.0025339895979981926;-0.022813269788862788;-0.0013018679379826232;-0.022993866876862872;-0.0011441582840935017;-0.0011036998836470994;-0.0006474590863426182;-0.0007546412109114395;-0.0004381821152743502;-0.0033254157567459454;-0.0075676380095316765;-0.0005123706398017983;-0.002859912761684969;-0.023608923305902446;-0.023892495145521813;-0.002553170392829604;-0.021869823748194836;-0.031513213490996755;-0.023581833449339607;-0.002787622294627933;-0.0021372948532749577;-0.001305753528584727;-0.01177739453200722;-0.00146793623213075;-0.0027605397721356915;-0.00044540544140499075;-0.0026945265361023305;-0.018850915303341584;-0.011284395372872352;-0.0035282380122821093;-0.02111341117588253;-0.0010612048117960027;-0.0009899447816577986;-0.0005353856867411375;-0.0012174073141775193;-0.025172707773253717;-0.009351074957624298;-0.03158478943622591;-0.0013604620282004175;-0.011844142641914369;-0.0018991641816653547;-0.022926901678466064;-0.0009395311137835046;-0.002791222589883827;-0.0010098054448335178;-0.003850581416110654;-0.0015464071204795782;-0.0021988229384349474;-0.03398873001094196;-0.0008364815546441322;-0.0009697907556582109;-0.022776429285441713;-0.023465893527719602;-0.0038118098519014745;-0.001083040540183401;-0.0002931325340491579;-0.0014980609271064789;-0.002855749576510775;-0.02367674512374494;-0.00042167825621071756;-0.001532680673950893;-0.004412476834430426;-0.003188787155379822;-0.06076768578689454;-0.022717835195223916;-0.00045851875963179626;-0.0009252003398376556;-0.017689992250623;-0.0008558192985863123;-0.0015249916343373672;-0.01265258017741104;-0.005085066847079523;-0.023608923305902446;-0.00019769794041028482;-0.0002575534907707026;-0.023269472449000156;-0.00047553013638071965;-0.02110963486293231;-0.022721359949552666;-0.0008643854930431965;-0.003284398500120076;-0.0003114053709407047;-0.022995084332581916;-0.002079773004178395;-0.001734899335476951;-0.003237262428395425;-0.014013575392543843;-0.009001229588472028;0.01099735146968378;2
algorithm:auto_metric:minkowski_n_neighbors:3;0.00030309677124023437;7.75011127187055e-05;0.0005147552490234375;9.58020257140651e-05;auto;minkowski;3;;-0.0037998287308230252;-0.00045074920822105164;-0.024262287459930806;-0.016616789490130995;-0.0004250077612822459;-0.0589951416449211;-0.0011387445991377526;-0.008459853774309285;-0.008270530690602984;-0.0003337840650212744;-0.039180272711591906;-0.007858934255282788;-0.02578113640269511;-0.0007840653595382629;-0.0017066703347711088;-0.01886564175039612;-0.006877445820002271;-0.0012601407433230013;-0.0063001116941385224;-0.0034559095710373073;-0.0004410821901400293;-0.001060241114919603;-0.002656242769077503;-0.011488136750433628;-0.00245643457208754;-0.028503131966810133;-0.007177652798548956;-0.02022029340191118;-0.0007413543400529345;-0.05027529840903728;-0.031977660013188317;-0.007676645523154755;-0.02344872169780393;-0.08472404732300669;-0.004433444045879826;-0.005823313659930982;-0.0004318745700922135;-0.002100030440573396;-0.005322577219296004;-0.009456501407554375;-0.006512516503709326;-0.007525592271739146;-0.009697013614866055;-0.041164062309554224;-0.019038214794735754;-0.000990591483705076;-0.005080405556277323;-0.0031714952911754118;-0.048202983095289864;-0.029396608295343945;-0.03593115915851937;-0.018922659993311712;-0.007706945991355782;-0.041536280653026836;-0.0013668129258887507;-0.0015000512308870626;-0.023539220217462246;-0.0620589542000922;-0.010733425763989437;-0.0012337802193361652;-0.02205751654949715;-0.009023490056519687;-0.0004849882353118264;-0.003081920212494893;-0.007014837735138158;-0.042751782983111775;-0.030698170402582662;-0.0011386163343919816;-0.0004691830687070314;-0.0015003824864090103;-0.0019640234016903386;-0.02498460638272947;-0.002753956221430098;-0.0015251706671495994;-0.01009181967343131;-0.026650298331448875;-0.05716990342805584;-0.0016245144019061588;-0.006152993253087689;-0.0009666667675427326;-0.03787897114721111;-0.001142327618582905;-0.005859857540941249;-0.025846918126566632;-0.02537770132113486;-0.001696722564393163;-0.0009400030204815622;-0.0008529326083994717;-0.0075781944262794795;-0.005693549911622678;-0.008194705201518365;-0.0023222760856983723;-0.0009038705808317528;-0.0021892472906501043;-0.0009257714194681145;-0.007112337603057048;-0.02350548895252579;-0.018482523511202702;-0.009991080590998899;-0.03295080573944092;-0.013820966297045632;0.016653882583177765;3
"algorithm:brute_metric:mahalanobis_metric_params:{'V': array([[ 2.85158135e-02,  1.37908767e-02,  1.57984734e-02,
         1.69802982e-02,  2.24889279e-02,  2.63268462e-02,
         3.23027164e-02,  1.64250177e-02,  1.20288341e-02,
         2.98630063e-02,  1.64978680e-02,  1.26133340e-02,
         2.22516695e-03,  9.30665325e-03,  6.38611742e-03,
         6.35997597e-05, -6.24504169e-05,  3.18789140e-03,
        -6.13154717e-03, -5.78889924e-03, -8.45921373e-04,
        -2.08291743e-04, -7.64098614e-03, -5.87542695e-03,
         4.80520605e-03, -6.65554487e-03, -5.12282143e-03,
        -5.16131048e-03,  9.94947086e-04,  1.08112125e-02,
         1.26702197e-03],
       [ 1.37908767e-02,  7.47207794e-03,  8.38991815e-03,
         8.76318453e-03,  1.11859445e-02,  1.20646838e-02,
         1.48785343e-02,  8.33732095e-03,  6.38943176e-03,
         1.42566939e-02,  8.46240252e-03,  7.19013890e-03,
         3.97814926e-03,  7.89194511e-03,  5.44865505e-03,
         2.08517461e-03,  2.27556587e-03,  4.27200028e-03,
        -2.03314789e-03, -1.48026951e-03,  1.28830885e-03,
         2.04863081e-03, -2.39670215e-03, -1.45611311e-03,
         5.12728828e-03, -2.27346070e-03, -1.09680363e-03,
        -9.00312674e-04,  3.35555524e-03,  7.84140412e-03,
         2.54262653e-03],
       [ 1.57984734e-02,  8.38991815e-03,  9.46136533e-03,
         9.93423315e-03,  1.27594365e-02,  1.39888982e-02,
         1.71712983e-02,  9.50243546e-03,  7.22339202e-03,
         1.63775257e-02,  9.61290079e-03,  8.03024555e-03,
         3.95654543e-03,  8.32122807e-03,  5.78374783e-03,
         2.02553884e-03,  2.18214880e-03,  4.36573015e-03,
        -2.49000506e-03, -1.92777237e-03,  1.21581910e-03,
         1.92539041e-03, -2.96431255e-03, -1.88819176e-03,
         5.31734090e-03, -2.77134617e-03, -1.46854719e-03,
        -1.29478000e-03,  3.26850823e-03,  8.44393944e-03,
         2.56840653e-03],
       [ 1.69802982e-02,  8.76318453e-03,  9.93423315e-03,
         1.05214063e-02,  1.36309987e-02,  1.52710594e-02,
         1.86508959e-02,  1.00850080e-02,  7.59267622e-03,
         1.76736514e-02,  1.01718245e-02,  8.24745573e-03,
         3.26208071e-03,  7.68896263e-03,  5.39838002e-03,
         1.47977343e-03,  1.57331986e-03,  3.72446190e-03,
        -2.96771515e-03, -2.49588614e-03,  7.65406817e-04,
         1.34223665e-03, -3.60857740e-03, -2.46847620e-03,
         4.72887931e-03, -3.28401319e-03, -2.01070454e-03,
        -1.90117512e-03,  2.53483867e-03,  8.13178371e-03,
         2.09442358e-03],
       [ 2.24889279e-02,  1.11859445e-02,  1.27594365e-02,
         1.36309987e-02,  1.78999613e-02,  2.05646119e-02,
         2.51516750e-02,  1.31429544e-02,  9.76633150e-03,
         2.35073237e-02,  1.32465278e-02,  1.03885329e-02,
         2.92699606e-03,  8.59138614e-03,  6.04315742e-03,
         9.87837398e-04,  9.63487331e-04,  3.59977388e-03,
        -4.27130593e-03, -3.89434369e-03,  1.62353642e-04,
         7.49074615e-04, -5.32622331e-03, -3.91432273e-03,
         4.86149781e-03, -4.67303383e-03, -3.33618557e-03,
        -3.31455725e-03,  2.00070374e-03,  9.56948060e-03,
         1.84009640e-03],
       [ 2.63268462e-02,  1.20646838e-02,  1.39888982e-02,
         1.52710594e-02,  2.05646119e-02,  2.66855632e-02,
         3.20982716e-02,  1.61685825e-02,  1.27001395e-02,
         2.76740488e-02,  1.63464414e-02,  1.18286390e-02,
         4.35511838e-04,  5.63848382e-03,  5.51640482e-03,
         2.02938177e-04,  1.27650989e-04,  1.95868847e-03,
        -4.54119619e-03, -3.72993448e-03,  9.09091247e-04,
        -9.90854947e-04, -5.13562093e-03, -3.22917872e-03,
         3.51761160e-03, -4.85427910e-03, -2.49314269e-03,
        -2.31827396e-03, -3.41617682e-04,  8.68082103e-03,
         2.30589518e-03],
       [ 3.23027164e-02,  1.48785343e-02,  1.71712983e-02,
         1.86508959e-02,  2.51516750e-02,  3.20982716e-02,
         3.95286900e-02,  1.94871451e-02,  1.51899008e-02,
         3.38260403e-02,  1.96997275e-02,  1.44795988e-02,
         1.21651046e-03,  8.31654276e-03,  6.90304681e-03,
        -1.57371621e-04, -7.49907914e-05,  2.79381126e-03,
        -6.09343414e-03, -5.08879642e-03,  3.36064294e-04,
        -1.11828255e-03, -6.90557711e-03, -4.71331187e-03,
         4.93169020e-03, -6.45661859e-03, -3.90515032e-03,
        -3.53843741e-03,  3.47866098e-06,  1.12440544e-02,
         2.44120830e-03],
       [ 1.64250177e-02,  8.33732095e-03,  9.50243546e-03,
         1.00850080e-02,  1.31429544e-02,  1.61685825e-02,
         1.94871451e-02,  1.08285470e-02,  8.84309308e-03,
         1.69532742e-02,  1.09669919e-02,  8.85217256e-03,
         3.58235003e-03,  7.52775144e-03,  6.32898440e-03,
         2.68416035e-03,  2.94719291e-03,  4.57961749e-03,
        -1.78892794e-03, -6.56560604e-04,  2.95553801e-03,
         1.83509045e-03, -1.47649372e-03, -7.96848974e-05,
         5.69197853e-03, -1.93211847e-03,  3.92524962e-04,
         8.48797298e-04,  3.15829155e-03,  8.48785531e-03,
         4.10458925e-03],
       [ 1.20288341e-02,  6.38943176e-03,  7.22339202e-03,
         7.59267622e-03,  9.76633150e-03,  1.27001395e-02,
         1.51899008e-02,  8.84309308e-03,  8.44219873e-03,
         1.23427502e-02,  9.26266667e-03,  7.73664001e-03,
         5.50827732e-03,  8.02237089e-03,  7.98859025e-03,
         5.18479570e-03,  5.84353428e-03,  6.53771536e-03,
         1.17439507e-03,  2.99691762e-03,  6.24636536e-03,
         3.69807249e-03,  2.76337086e-03,  4.09419963e-03,
         7.52563519e-03,  1.27569628e-03,  4.40643955e-03,
         5.30200895e-03,  5.48641074e-03,  9.09921601e-03,
         7.06899524e-03],
       [ 2.98630063e-02,  1.42566939e-02,  1.63775257e-02,
         1.76736514e-02,  2.35073237e-02,  2.76740488e-02,
         3.38260403e-02,  1.69532742e-02,  1.23427502e-02,
         3.14404393e-02,  1.70636391e-02,  1.27941118e-02,
         1.60716052e-03,  8.73144739e-03,  6.08821384e-03,
        -3.68006806e-04, -6.22725764e-04,  2.57948399e-03,
        -6.40562609e-03, -6.27420184e-03, -1.33454113e-03,
        -6.72065652e-04, -8.21448881e-03, -6.45042893e-03,
         4.15137542e-03, -6.97413729e-03, -5.67901473e-03,
        -5.87008993e-03,  3.36222173e-04,  1.06534279e-02,
         7.32978649e-04],
       [ 1.64978680e-02,  8.46240252e-03,  9.61290079e-03,
         1.01718245e-02,  1.32465278e-02,  1.63464414e-02,
         1.96997275e-02,  1.09669919e-02,  9.26266667e-03,
         1.70636391e-02,  1.12951483e-02,  9.14308268e-03,
         4.39945637e-03,  8.28353935e-03,  7.27580508e-03,
         3.60658872e-03,  3.90775990e-03,  5.35681820e-03,
        -9.60491549e-04,  2.67914827e-04,  3.85573377e-03,
         2.54102069e-03, -4.60724434e-04,  9.13841221e-04,
         6.39655538e-03, -1.03913005e-03,  1.34528249e-03,
         1.85375104e-03,  4.08061366e-03,  9.40229512e-03,
         5.10256429e-03],
       [ 1.26133340e-02,  7.19013890e-03,  8.03024555e-03,
         8.24745573e-03,  1.03885329e-02,  1.18286390e-02,
         1.44795988e-02,  8.85217256e-03,  7.73664001e-03,
         1.27941118e-02,  9.14308268e-03,  8.21713224e-03,
         6.57666838e-03,  1.03578602e-02,  8.31736210e-03,
         5.11836558e-03,  5.64562225e-03,  7.32835869e-03,
         2.05090122e-04,  1.68542767e-03,  5.03317927e-03,
         4.26416116e-03,  1.18657953e-03,  2.37688976e-03,
         8.25102022e-03,  1.95290612e-04,  2.69008479e-03,
         3.40416280e-03,  6.34165344e-03,  1.02126039e-02,
         6.31093390e-03],
       [ 2.22516695e-03,  3.97814926e-03,  3.95654543e-03,
         3.26208071e-03,  2.92699606e-03,  4.35511838e-04,
         1.21651046e-03,  3.58235003e-03,  5.50827732e-03,
         1.60716052e-03,  4.39945637e-03,  6.57666838e-03,
         1.61515775e-02,  1.85718014e-02,  1.50753834e-02,
         1.29174198e-02,  1.45448081e-02,  1.57108609e-02,
         6.96753909e-03,  9.71968615e-03,  1.24906727e-02,
         1.17431202e-02,  1.02735137e-02,  1.09940434e-02,
         1.63451994e-02,  7.36093948e-03,  1.07945810e-02,
         1.23906317e-02,  1.65664922e-02,  1.58108546e-02,
         1.37937579e-02],
       [ 9.30665325e-03,  7.89194511e-03,  8.32122807e-03,
         7.68896263e-03,  8.59138614e-03,  5.63848382e-03,
         8.31654276e-03,  7.52775144e-03,  8.02237089e-03,
         8.73144739e-03,  8.28353935e-03,  1.03578602e-02,
         1.85718014e-02,  2.46022562e-02,  1.81590628e-02,
         1.40496708e-02,  1.56121903e-02,  1.88147861e-02,
         5.08347762e-03,  8.05988544e-03,  1.24893464e-02,
         1.30148578e-02,  8.15394330e-03,  9.27712346e-03,
         1.98150879e-02,  5.37617620e-03,  9.23958871e-03,
         1.09914759e-02,  1.85362475e-02,  2.07282683e-02,
         1.50173340e-02],
       [ 6.38611742e-03,  5.44865505e-03,  5.78374783e-03,
         5.39838002e-03,  6.04315742e-03,  5.51640482e-03,
         6.90304681e-03,  6.32898440e-03,  7.98859025e-03,
         6.08821384e-03,  7.27580508e-03,  8.31736210e-03,
         1.50753834e-02,  1.81590628e-02,  1.60964877e-02,
         1.35518263e-02,  1.49455766e-02,  1.58667451e-02,
         6.93670537e-03,  9.94787681e-03,  1.38035276e-02,
         1.12490975e-02,  1.06619313e-02,  1.17706312e-02,
         1.64655885e-02,  7.42365644e-03,  1.17534470e-02,
         1.33844424e-02,  1.56733780e-02,  1.69120820e-02,
         1.52201063e-02],
       [ 6.35997597e-05,  2.08517461e-03,  2.02553884e-03,
         1.47977343e-03,  9.87837398e-04,  2.02938177e-04,
        -1.57371621e-04,  2.68416035e-03,  5.18479570e-03,
        -3.68006806e-04,  3.60658872e-03,  5.11836558e-03,
         1.29174198e-02,  1.40496708e-02,  1.35518263e-02,
         1.30160860e-02,  1.40893536e-02,  1.39518098e-02,
         8.29590198e-03,  1.09818432e-02,  1.35879386e-02,
         1.04805321e-02,  1.21862433e-02,  1.29031979e-02,
         1.39289347e-02,  8.90348835e-03,  1.27323468e-02,
         1.41798628e-02,  1.39226469e-02,  1.31687443e-02,
         1.43051977e-02],
       [-6.24504169e-05,  2.27556587e-03,  2.18214880e-03,
         1.57331986e-03,  9.63487331e-04,  1.27650989e-04,
        -7.49907914e-05,  2.94719291e-03,  5.84353428e-03,
        -6.22725764e-04,  3.90775990e-03,  5.64562225e-03,
         1.45448081e-02,  1.56121903e-02,  1.49455766e-02,
         1.40893536e-02,  1.55537270e-02,  1.54465773e-02,
         8.86526286e-03,  1.21018529e-02,  1.50295982e-02,
         1.15022115e-02,  1.33124939e-02,  1.42148087e-02,
         1.56949499e-02,  9.49526479e-03,  1.40592270e-02,
         1.58394454e-02,  1.55263240e-02,  1.44387695e-02,
         1.57566671e-02],
       [ 3.18789140e-03,  4.27200028e-03,  4.36573015e-03,
         3.72446190e-03,  3.59977388e-03,  1.95868847e-03,
         2.79381126e-03,  4.57961749e-03,  6.53771536e-03,
         2.57948399e-03,  5.35681820e-03,  7.32835869e-03,
         1.57108609e-02,  1.88147861e-02,  1.58667451e-02,
         1.39518098e-02,  1.54465773e-02,  1.68817697e-02,
         7.18347615e-03,  1.05401670e-02,  1.41457792e-02,
         1.19638354e-02,  1.12978719e-02,  1.24160035e-02,
         1.74385844e-02,  7.66517423e-03,  1.23496696e-02,
         1.42642426e-02,  1.62158057e-02,  1.64747520e-02,
         1.54462409e-02],
       [-6.13154717e-03, -2.03314789e-03, -2.49000506e-03,
        -2.96771515e-03, -4.27130593e-03, -4.54119619e-03,
        -6.09343414e-03, -1.78892794e-03,  1.17439507e-03,
        -6.40562609e-03, -9.60491549e-04,  2.05090122e-04,
         6.96753909e-03,  5.08347762e-03,  6.93670537e-03,
         8.29590198e-03,  8.86526286e-03,  7.18347615e-03,
         7.95812351e-03,  9.26212688e-03,  9.19559297e-03,
         6.39984931e-03,  1.07015117e-02,  1.05321726e-02,
         6.64217683e-03,  8.59364989e-03,  1.00961606e-02,
         1.08525677e-02,  8.10552721e-03,  5.38612358e-03,
         8.85837117e-03],
       [-5.78889924e-03, -1.48026951e-03, -1.92777237e-03,
        -2.49588614e-03, -3.89434369e-03, -3.72993448e-03,
        -5.08879642e-03, -6.56560604e-04,  2.99691762e-03,
        -6.27420184e-03,  2.67914827e-04,  1.68542767e-03,
         9.71968615e-03,  8.05988544e-03,  9.94787681e-03,
         1.09818432e-02,  1.21018529e-02,  1.05401670e-02,
         9.26212688e-03,  1.18379056e-02,  1.27607836e-02,
         8.49597516e-03,  1.33780026e-02,  1.37603114e-02,
         1.03566299e-02,  9.98544005e-03,  1.34192033e-02,
         1.48915765e-02,  1.09303661e-02,  8.10848058e-03,
         1.24822331e-02],
       [-8.45921373e-04,  1.28830885e-03,  1.21581910e-03,
         7.65406817e-04,  1.62353642e-04,  9.09091247e-04,
         3.36064294e-04,  2.95553801e-03,  6.24636536e-03,
        -1.33454113e-03,  3.85573377e-03,  5.03317927e-03,
         1.24906727e-02,  1.24893464e-02,  1.38035276e-02,
         1.35879386e-02,  1.50295982e-02,  1.41457792e-02,
         9.19559297e-03,  1.27607836e-02,  1.57737503e-02,
         1.03489751e-02,  1.41986765e-02,  1.53285919e-02,
         1.43887231e-02,  9.89621873e-03,  1.52475801e-02,
         1.71712819e-02,  1.36859680e-02,  1.24602452e-02,
         1.59123976e-02],
       [-2.08291743e-04,  2.04863081e-03,  1.92539041e-03,
         1.34223665e-03,  7.49074615e-04, -9.90854947e-04,
        -1.11828255e-03,  1.83509045e-03,  3.69807249e-03,
        -6.72065652e-04,  2.54102069e-03,  4.26416116e-03,
         1.17431202e-02,  1.30148578e-02,  1.12490975e-02,
         1.04805321e-02,  1.15022115e-02,  1.19638354e-02,
         6.39984931e-03,  8.49597516e-03,  1.03489751e-02,
         9.14213934e-03,  9.21805435e-03,  9.69240796e-03,
         1.20830997e-02,  6.80159067e-03,  9.49916256e-03,
         1.06879761e-02,  1.23087424e-02,  1.13440563e-02,
         1.10947049e-02],
       [-7.64098614e-03, -2.39670215e-03, -2.96431255e-03,
        -3.60857740e-03, -5.32622331e-03, -5.13562093e-03,
        -6.90557711e-03, -1.47649372e-03,  2.76337086e-03,
        -8.21448881e-03, -4.60724434e-04,  1.18657953e-03,
         1.02735137e-02,  8.15394330e-03,  1.06619313e-02,
         1.21862433e-02,  1.33124939e-02,  1.12978719e-02,
         1.07015117e-02,  1.33780026e-02,  1.41986765e-02,
         9.21805435e-03,  1.53782445e-02,  1.56222340e-02,
         1.09405501e-02,  1.16056135e-02,  1.51687193e-02,
         1.67236793e-02,  1.17657246e-02,  8.41198478e-03,
         1.38209567e-02],
       [-5.87542695e-03, -1.45611311e-03, -1.88819176e-03,
        -2.46847620e-03, -3.91432273e-03, -3.22917872e-03,
        -4.71331187e-03, -7.96848974e-05,  4.09419963e-03,
        -6.45042893e-03,  9.13841221e-04,  2.37688976e-03,
         1.09940434e-02,  9.27712346e-03,  1.17706312e-02,
         1.29031979e-02,  1.42148087e-02,  1.24160035e-02,
         1.05321726e-02,  1.37603114e-02,  1.53285919e-02,
         9.69240796e-03,  1.56222340e-02,  1.62714682e-02,
         1.23030768e-02,  1.13934187e-02,  1.59484348e-02,
         1.77781060e-02,  1.24302022e-02,  9.57230985e-03,
         1.50015865e-02],
       [ 4.80520605e-03,  5.12728828e-03,  5.31734090e-03,
         4.72887931e-03,  4.86149781e-03,  3.51761160e-03,
         4.93169020e-03,  5.69197853e-03,  7.52563519e-03,
         4.15137542e-03,  6.39655538e-03,  8.25102022e-03,
         1.63451994e-02,  1.98150879e-02,  1.64655885e-02,
         1.39289347e-02,  1.56949499e-02,  1.74385844e-02,
         6.64217683e-03,  1.03566299e-02,  1.43887231e-02,
         1.20830997e-02,  1.09405501e-02,  1.23030768e-02,
         1.84053158e-02,  7.07894726e-03,  1.22907995e-02,
         1.44457412e-02,  1.66630109e-02,  1.72815685e-02,
         1.57915731e-02],
       [-6.65554487e-03, -2.27346070e-03, -2.77134617e-03,
        -3.28401319e-03, -4.67303383e-03, -4.85427910e-03,
        -6.45661859e-03, -1.93211847e-03,  1.27569628e-03,
        -6.97413729e-03, -1.03913005e-03,  1.95290612e-04,
         7.36093948e-03,  5.37617620e-03,  7.42365644e-03,
         8.90348835e-03,  9.49526479e-03,  7.66517423e-03,
         8.59364989e-03,  9.98544005e-03,  9.89621873e-03,
         6.80159067e-03,  1.16056135e-02,  1.13934187e-02,
         7.07894726e-03,  9.31756216e-03,  1.09078904e-02,
         1.17318014e-02,  8.60591886e-03,  5.75708868e-03,
         9.57810368e-03],
       [-5.12282143e-03, -1.09680363e-03, -1.46854719e-03,
        -2.01070454e-03, -3.33618557e-03, -2.49314269e-03,
        -3.90515032e-03,  3.92524962e-04,  4.40643955e-03,
        -5.67901473e-03,  1.34528249e-03,  2.69008479e-03,
         1.07945810e-02,  9.23958871e-03,  1.17534470e-02,
         1.27323468e-02,  1.40592270e-02,  1.23496696e-02,
         1.00961606e-02,  1.34192033e-02,  1.52475801e-02,
         9.49916256e-03,  1.51687193e-02,  1.59484348e-02,
         1.22907995e-02,  1.09078904e-02,  1.57176074e-02,
         1.75569938e-02,  1.21753206e-02,  9.61128681e-03,
         1.49320658e-02],
       [-5.16131048e-03, -9.00312674e-04, -1.29478000e-03,
        -1.90117512e-03, -3.31455725e-03, -2.31827396e-03,
        -3.53843741e-03,  8.48797298e-04,  5.30200895e-03,
        -5.87008993e-03,  1.85375104e-03,  3.40416280e-03,
         1.23906317e-02,  1.09914759e-02,  1.33844424e-02,
         1.41798628e-02,  1.58394454e-02,  1.42642426e-02,
         1.08525677e-02,  1.48915765e-02,  1.71712819e-02,
         1.06879761e-02,  1.67236793e-02,  1.77781060e-02,
         1.44457412e-02,  1.17318014e-02,  1.75569938e-02,
         1.98501851e-02,  1.37852640e-02,  1.10985241e-02,
         1.69174543e-02],
       [ 9.94947086e-04,  3.35555524e-03,  3.26850823e-03,
         2.53483867e-03,  2.00070374e-03, -3.41617682e-04,
         3.47866098e-06,  3.15829155e-03,  5.48641074e-03,
         3.36222173e-04,  4.08061366e-03,  6.34165344e-03,
         1.65664922e-02,  1.85362475e-02,  1.56733780e-02,
         1.39226469e-02,  1.55263240e-02,  1.62158057e-02,
         8.10552721e-03,  1.09303661e-02,  1.36859680e-02,
         1.23087424e-02,  1.17657246e-02,  1.24302022e-02,
         1.66630109e-02,  8.60591886e-03,  1.21753206e-02,
         1.37852640e-02,  1.72741401e-02,  1.60258937e-02,
         1.48820262e-02],
       [ 1.08112125e-02,  7.84140412e-03,  8.44393944e-03,
         8.13178371e-03,  9.56948060e-03,  8.68082103e-03,
         1.12440544e-02,  8.48785531e-03,  9.09921601e-03,
         1.06534279e-02,  9.40229512e-03,  1.02126039e-02,
         1.58108546e-02,  2.07282683e-02,  1.69120820e-02,
         1.31687443e-02,  1.44387695e-02,  1.64747520e-02,
         5.38612358e-03,  8.10848058e-03,  1.24602452e-02,
         1.13440563e-02,  8.41198478e-03,  9.57230985e-03,
         1.72815685e-02,  5.75708868e-03,  9.61128681e-03,
         1.10985241e-02,  1.60258937e-02,  1.89664391e-02,
         1.45481850e-02],
       [ 1.26702197e-03,  2.54262653e-03,  2.56840653e-03,
         2.09442358e-03,  1.84009640e-03,  2.30589518e-03,
         2.44120830e-03,  4.10458925e-03,  7.06899524e-03,
         7.32978649e-04,  5.10256429e-03,  6.31093390e-03,
         1.37937579e-02,  1.50173340e-02,  1.52201063e-02,
         1.43051977e-02,  1.57566671e-02,  1.54462409e-02,
         8.85837117e-03,  1.24822331e-02,  1.59123976e-02,
         1.10947049e-02,  1.38209567e-02,  1.50015865e-02,
         1.57915731e-02,  9.57810368e-03,  1.49320658e-02,
         1.69174543e-02,  1.48820262e-02,  1.45481850e-02,
         1.66962203e-02]]), 'VI': array([[ 9.63400424e+05,  8.29533187e+05, -3.31569498e+05,
         5.35068226e+05, -7.75619207e+05, -5.10058009e+05,
         7.40310912e+05,  1.83812564e+04, -3.86071707e+05,
        -6.66267471e+05, -2.70031241e+05, -8.12310903e+04,
        -1.80395202e+05,  3.43820281e+05, -2.30751351e+05,
         4.50178878e+05,  4.19780994e+05, -4.70546120e+05,
        -2.65517475e+05,  8.25634763e+03,  8.34000834e+05,
         2.84774090e+05, -3.02938496e+05, -6.27199664e+05,
        -1.20452579e+05,  5.84551255e+05,  3.94871749e+05,
         1.08046769e+04,  3.81047208e+04, -5.33629530e+05,
        -3.52431348e+05],
       [ 8.29533187e+05,  9.02191039e+05, -3.64976356e+05,
         5.25453955e+05, -6.85852490e+05, -4.45968705e+05,
         7.82186912e+05,  1.05973669e+04, -5.36030362e+05,
        -6.44268334e+05, -3.48337451e+05,  2.17112930e+03,
        -1.94588400e+05,  3.06976457e+05, -2.57622744e+05,
         4.19341877e+05,  4.75290996e+05, -5.83884747e+05,
        -3.08069147e+05,  6.33530513e+03,  8.73296329e+05,
         3.65712979e+05, -3.60477197e+05, -7.56952818e+05,
        -3.56877805e+04,  7.07178984e+05,  3.65893701e+05,
         8.29779522e+04,  3.70648879e+04, -5.36139755e+05,
        -2.64396141e+05],
       [-3.31569498e+05, -3.64976356e+05,  3.45820040e+05,
         2.32122513e+05, -1.36709465e+05,  2.32751271e+05,
        -2.55041886e+05, -1.28254053e+05,  1.94433195e+05,
         1.92656064e+05,  1.65401493e+05, -4.10933475e+04,
         2.41999799e+05, -6.45989119e+04,  1.77395542e+05,
        -8.51572547e+03, -4.53324454e+05,  4.86831488e+05,
         2.19947190e+05, -4.49806321e+04, -2.74754526e+05,
        -4.88239703e+05,  6.43080061e+04,  5.58282285e+05,
        -1.85035378e+05, -2.84239521e+05, -3.50407644e+05,
        -1.13489882e+04, -7.63596487e+03,  8.41045301e+04,
         1.50406401e+05],
       [ 5.35068226e+05,  5.25453955e+05,  2.32122513e+05,
         1.39374255e+06, -1.37516283e+06, -1.56925814e+05,
         6.29370918e+05, -2.94314771e+05, -3.30529667e+05,
        -5.84794453e+05, -1.58938934e+05, -1.22883849e+05,
         2.75663067e+05,  3.61195690e+05,  8.79328483e+03,
         6.58434064e+05, -3.36340515e+05,  2.48691448e+05,
         1.81715564e+04, -1.13852629e+05,  7.21962455e+05,
        -5.55241123e+05, -4.07855166e+05,  1.63422621e+05,
        -5.41543355e+05,  4.19539416e+05, -2.20384833e+05,
         9.04347533e+04,  2.67620689e+04, -6.41385542e+05,
        -9.52493704e+04],
       [-7.75619207e+05, -6.85852490e+05, -1.36709465e+05,
        -1.37516283e+06,  1.49445751e+06,  2.84161103e+05,
        -7.34518164e+05,  2.32631753e+05,  3.93858316e+05,
         6.86552212e+05,  1.85499463e+05,  1.48359527e+05,
        -2.00264953e+05, -4.08015431e+05,  3.11056877e+04,
        -6.95988784e+05,  2.04254619e+05, -1.15634402e+05,
         1.47724340e+04,  8.19347471e+04, -8.52814662e+05,
         4.59112821e+05,  4.36065292e+05,  5.88727263e+03,
         5.03667690e+05, -4.99879000e+05,  1.05633396e+05,
        -7.25752314e+04, -3.53906141e+04,  7.15496023e+05,
         1.77944991e+05],
       [-5.10058009e+05, -4.45968705e+05,  2.32751271e+05,
        -1.56925814e+05,  2.84161103e+05,  3.14773595e+05,
        -4.04892666e+05,  9.24751871e+03,  1.48828711e+05,
         3.41972449e+05,  1.45190228e+05,  1.85514856e+04,
         1.64479274e+05, -1.63516412e+05,  1.77046417e+05,
        -2.33839167e+05, -3.26358557e+05,  3.02942459e+05,
         2.03415786e+05, -6.50262081e+03, -4.35612577e+05,
        -2.40809765e+05,  1.21583555e+05,  3.91241510e+05,
         2.00639806e+04, -3.09965370e+05, -2.79615978e+05,
         3.27040835e+04, -4.26945242e+04,  2.48884407e+05,
         2.38016624e+05],
       [ 7.40310912e+05,  7.82186912e+05, -2.55041885e+05,
         6.29370918e+05, -7.34518164e+05, -4.04892666e+05,
         7.40967707e+05, -9.26991198e+04, -3.99641478e+05,
        -6.11370590e+05, -2.93975284e+05, -1.58558135e+04,
        -1.28221267e+05,  3.04254094e+05, -2.39243316e+05,
         4.80539262e+05,  3.48674458e+05, -3.94405363e+05,
        -2.82592805e+05, -2.96060040e+04,  8.09372206e+05,
         2.04568817e+05, -3.24220210e+05, -5.41563277e+05,
        -1.41893841e+05,  6.09048658e+05,  2.81514337e+05,
         3.75377093e+04,  5.28725367e+04, -5.18995575e+05,
        -2.77509982e+05],
       [ 1.83812564e+04,  1.05973669e+04, -1.28254053e+05,
        -2.94314771e+05,  2.32631753e+05,  9.24751868e+03,
        -9.26991198e+04,  2.20323351e+05, -1.40928366e+05,
         6.11528747e+04, -3.22909322e+04,  1.86661717e+04,
        -5.35602250e+04, -4.98809876e+04,  2.98432181e+04,
        -2.07464677e+05,  1.10658367e+05, -2.00036922e+05,
         1.09479797e+04,  5.76880993e+04, -7.89114047e+04,
         2.26059434e+05,  1.89479927e+04, -2.18676371e+05,
         1.55153418e+05,  1.51300733e+04,  1.07879960e+05,
         7.15475230e+04, -5.04791642e+04,  8.83622969e+04,
         6.66496580e+04],
       [-3.86071707e+05, -5.36030362e+05,  1.94433195e+05,
        -3.30529667e+05,  3.93858316e+05,  1.48828711e+05,
        -3.99641478e+05, -1.40928366e+05,  5.62998176e+05,
         3.25277148e+05,  2.54117946e+05, -4.36339880e+04,
         2.81955734e+04, -1.39797687e+05,  6.13346686e+04,
        -1.12634701e+05, -1.86206232e+05,  3.84961112e+05,
         1.06842172e+05, -2.82816531e+04, -4.71509237e+05,
        -2.11773639e+05,  2.78263754e+05,  5.13838166e+05,
        -1.95871094e+04, -4.76340891e+05, -1.31831845e+05,
        -1.94506202e+05,  2.93258413e+04,  3.06800944e+05,
        -2.37652245e+04],
       [-6.66267471e+05, -6.44268334e+05,  1.92656064e+05,
        -5.84794453e+05,  6.86552212e+05,  3.41972449e+05,
        -6.11370590e+05,  6.11528747e+04,  3.25277148e+05,
         5.34848860e+05,  2.31464616e+05,  4.93222291e+04,
         7.97803779e+04, -2.80718378e+05,  1.70585321e+05,
        -4.10869498e+05, -2.41862263e+05,  2.96376690e+05,
         2.02721464e+05,  2.49662013e+04, -6.81476677e+05,
        -1.30056813e+05,  2.79296888e+05,  4.11521645e+05,
         1.57248593e+05, -4.88452853e+05, -2.24105338e+05,
        -3.34320265e+04, -2.98972196e+04,  4.52933228e+05,
         2.36952345e+05],
       [-2.70031241e+05, -3.48337451e+05,  1.65401493e+05,
        -1.58938934e+05,  1.85499463e+05,  1.45190228e+05,
        -2.93975284e+05, -3.22909322e+04,  2.54117946e+05,
         2.31464616e+05,  1.65195130e+05, -2.42776375e+04,
         7.39920925e+04, -1.01089639e+05,  1.05169932e+05,
        -1.24597604e+05, -2.04231004e+05,  2.69544001e+05,
         1.39400682e+05,  5.97218463e+02, -3.21929123e+05,
        -2.00042180e+05,  1.42943570e+05,  3.38495301e+05,
        -1.24642640e+04, -2.97975095e+05, -1.56458715e+05,
        -5.99720025e+04, -2.09485769e+03,  1.82768716e+05,
         7.23598241e+04],
       [-8.12310903e+04,  2.17112928e+03, -4.10933475e+04,
        -1.22883849e+05,  1.48359527e+05,  1.85514856e+04,
        -1.58558135e+04,  1.86661717e+04, -4.36339880e+04,
         4.93222291e+04, -2.42776375e+04,  5.57502051e+04,
        -3.50943194e+04, -4.75094406e+04, -2.47013671e+04,
        -5.82622937e+04,  6.73772763e+04, -6.84714818e+04,
        -3.65492161e+04,  8.26158382e+03, -3.13610646e+04,
         8.36529933e+04,  1.32675519e+04, -8.16197199e+04,
         7.29533045e+04,  2.78421028e+04,  2.03021748e+04,
         2.02275233e+04,  7.30959481e+03,  4.49681523e+04,
         3.35121827e+04],
       [-1.80395202e+05, -1.94588400e+05,  2.41999799e+05,
         2.75663067e+05, -2.00264953e+05,  1.64479274e+05,
        -1.28221267e+05, -5.35602250e+04,  2.81955734e+04,
         7.97803780e+04,  7.39920925e+04, -3.50943195e+04,
         2.13953599e+05, -1.50664793e+04,  1.42149570e+05,
         1.04034265e+04, -3.51406736e+05,  3.24748699e+05,
         1.58587085e+05, -3.55440830e+04, -1.31753570e+05,
        -3.49117258e+05, -8.94255969e+03,  3.56979117e+05,
        -1.72308564e+05, -1.35946283e+05, -2.48847193e+05,
         4.35778886e+04, -2.59968585e+04,  5.66668190e+03,
         1.31727260e+05],
       [ 3.43820281e+05,  3.06976457e+05, -6.45989119e+04,
         3.61195690e+05, -4.08015431e+05, -1.63516412e+05,
         3.04254094e+05, -4.98809877e+04, -1.39797687e+05,
        -2.80718378e+05, -1.01089639e+05, -4.75094406e+04,
        -1.50664793e+04,  1.59886818e+05, -6.84194578e+04,
         2.31968625e+05,  7.17278643e+04, -1.01562129e+05,
        -7.70372489e+04, -1.88728499e+04,  3.46065002e+05,
         1.01711548e+04, -1.48248748e+05, -1.49003094e+05,
        -1.15866336e+05,  2.26521168e+05,  8.28513340e+04,
         1.15807579e+04,  1.15642009e+04, -2.45563163e+05,
        -1.21516382e+05],
       [-2.30751351e+05, -2.57622744e+05,  1.77395542e+05,
         8.79328485e+03,  3.11056876e+04,  1.77046417e+05,
        -2.39243316e+05,  2.98432181e+04,  6.13346686e+04,
         1.70585321e+05,  1.05169932e+05, -2.47013671e+04,
         1.42149570e+05, -6.84194578e+04,  1.55067191e+05,
        -1.27031632e+05, -2.71066987e+05,  2.35157385e+05,
         1.75920785e+05,  4.68947439e+03, -2.37004836e+05,
        -2.27459774e+05,  4.82900570e+04,  2.78309611e+05,
        -4.32729594e+04, -1.96596224e+05, -1.99885422e+05,
         3.60299358e+04, -3.77637157e+04,  1.06088669e+05,
         1.49039797e+05],
       [ 4.50178878e+05,  4.19341877e+05, -8.51572545e+03,
         6.58434064e+05, -6.95988784e+05, -2.33839167e+05,
         4.80539262e+05, -2.07464677e+05, -1.12634701e+05,
        -4.10869498e+05, -1.24597604e+05, -5.82622936e+04,
         1.04034266e+04,  2.31968624e+05, -1.27031632e+05,
         4.48743877e+05,  4.61079154e+04, -1.30418100e+04,
        -1.29486302e+05, -6.44192782e+04,  5.17860758e+05,
        -1.24587275e+05, -2.03947241e+05, -7.64241036e+04,
        -2.49324149e+05,  3.05971728e+05,  5.27308113e+04,
        -3.34925915e+04,  5.73608277e+04, -3.82600006e+05,
        -2.08189910e+05],
       [ 4.19780995e+05,  4.75290996e+05, -4.53324454e+05,
        -3.36340515e+05,  2.04254619e+05, -3.26358557e+05,
         3.48674458e+05,  1.10658367e+05, -1.86206232e+05,
        -2.41862263e+05, -2.04231004e+05,  6.73772763e+04,
        -3.51406736e+05,  7.17278643e+04, -2.71066987e+05,
         4.61079154e+04,  6.36629303e+05, -6.27603200e+05,
        -3.20015638e+05,  5.14278898e+04,  3.61036124e+05,
         6.38067282e+05, -5.75822146e+04, -7.17722218e+05,
         2.55139194e+05,  3.60212566e+05,  4.69405893e+05,
        -3.04976671e+04,  3.75449463e+04, -9.90808414e+04,
        -2.36511182e+05],
       [-4.70546120e+05, -5.83884747e+05,  4.86831488e+05,
         2.48691448e+05, -1.15634402e+05,  3.02942459e+05,
        -3.94405363e+05, -2.00036922e+05,  3.84961112e+05,
         2.96376690e+05,  2.69544001e+05, -6.84714819e+04,
         3.24748699e+05, -1.01562129e+05,  2.35157385e+05,
        -1.30418100e+04, -6.27603200e+05,  7.37618128e+05,
         2.91353110e+05, -6.86385037e+04, -4.42834757e+05,
        -6.84338557e+05,  1.48958440e+05,  8.44721632e+05,
        -2.84350290e+05, -4.74279963e+05, -4.57899430e+05,
        -6.65604075e+04,  1.45184369e+03,  1.63171537e+05,
         1.59284116e+05],
       [-2.65517475e+05, -3.08069147e+05,  2.19947190e+05,
         1.81715564e+04,  1.47724340e+04,  2.03415786e+05,
        -2.82592805e+05,  1.09479797e+04,  1.06842172e+05,
         2.02721464e+05,  1.39400682e+05, -3.65492161e+04,
         1.58587085e+05, -7.70372489e+04,  1.75920785e+05,
        -1.29486302e+05, -3.20015638e+05,  2.91353110e+05,
