model;mean_fit_time;std_fit_time;mean_score_time;std_score_time;param_algorithm;param_metric;param_n_neighbors;param_metric_params;split0_test_score;split1_test_score;split2_test_score;split3_test_score;split4_test_score;split5_test_score;split6_test_score;split7_test_score;split8_test_score;split9_test_score;split10_test_score;split11_test_score;split12_test_score;split13_test_score;split14_test_score;split15_test_score;split16_test_score;split17_test_score;split18_test_score;split19_test_score;split20_test_score;split21_test_score;split22_test_score;split23_test_score;split24_test_score;split25_test_score;split26_test_score;split27_test_score;split28_test_score;split29_test_score;split30_test_score;split31_test_score;split32_test_score;split33_test_score;split34_test_score;split35_test_score;split36_test_score;split37_test_score;split38_test_score;split39_test_score;split40_test_score;split41_test_score;split42_test_score;split43_test_score;split44_test_score;split45_test_score;split46_test_score;split47_test_score;split48_test_score;split49_test_score;split50_test_score;split51_test_score;split52_test_score;split53_test_score;split54_test_score;split55_test_score;split56_test_score;split57_test_score;split58_test_score;split59_test_score;split60_test_score;split61_test_score;split62_test_score;split63_test_score;split64_test_score;split65_test_score;split66_test_score;split67_test_score;split68_test_score;split69_test_score;split70_test_score;split71_test_score;split72_test_score;split73_test_score;split74_test_score;split75_test_score;split76_test_score;split77_test_score;split78_test_score;split79_test_score;split80_test_score;split81_test_score;split82_test_score;split83_test_score;split84_test_score;split85_test_score;split86_test_score;split87_test_score;split88_test_score;split89_test_score;split90_test_score;split91_test_score;split92_test_score;split93_test_score;split94_test_score;split95_test_score;split96_test_score;split97_test_score;split98_test_score;split99_test_score;mean_test_score;std_test_score;rank_test_score
algorithm:auto_metric:minkowski_n_neighbors:4;0.0003522038459777832;7.781270475375474e-05;0.000647900104522705;0.00013109694620146243;auto;minkowski;4;;-0.027161117571917446;-0.005180276804323037;-0.010452795847785586;-0.0354172761785077;-0.07440435735786814;-0.03276698551585861;-0.013356356082673888;-0.029723498591984497;-0.03228823539401377;-0.084472063394386;-0.07955153096718244;-0.021378478250224344;-0.00640760325147846;-0.11956943214873918;-0.01814614548738719;-0.0168723764815481;-0.043338561385913604;-0.02568286654793757;-0.01821480473829385;-0.11250892133766169;-0.00908059600098562;-0.015069139007772944;-0.06320668425144282;-0.017015024976006116;-0.07128950304057526;-0.02636801006413066;-0.018574014026722756;-0.009682462337173195;-0.05872711595127756;-0.043338561385913604;-0.03792702675717289;-0.02439800537580815;-0.0229567572432903;-0.017538514820244454;-0.015289733970488653;-0.025501745315152192;-0.006004709164996282;-0.034359278391366446;-0.07608161155298943;-0.07393186990547049;-0.08187918880468902;-0.012358483949203206;-0.010778128186202293;-0.006207100031138894;-0.04544677482576533;-0.055712756301023514;-0.012941440748614691;-0.05335903313116527;-0.011567687638982515;-0.030828440152714038;-0.01609378766662368;-0.03551222943657197;-0.06082609754472177;-0.014042770254156144;-0.10813561563100621;-0.0697645728729711;-0.026115340223929417;-0.02333437629179693;-0.022290857646844086;-0.020345708759353057;-0.03497154727391099;-0.06444612039586432;-0.0029023478269553874;-0.045205591939490974;-0.05957507089551791;-0.017074080604169997;-0.017594069135107356;-0.012615395778963376;-0.013353681018907285;-0.023743876779038216;-0.03433195534758248;-0.07091521847343576;-0.03272465191264874;-0.012960643679481304;-0.021116323439302222;-0.05567612518589682;-0.01864959536467713;-0.000563014630493269;-0.00903184584025168;-0.00771820184491727;-0.010386418311215328;-0.0006678756919383221;-0.04056437068647408;-0.020852153701317166;-0.07761156897080669;-0.07193056912838806;-0.033008675369862954;-0.020345708759353057;-0.06292830791136819;-0.029699921356576963;-0.028757224570602213;-0.02250868837700096;-0.01757551555439702;-0.07091521847343576;-0.022228081378914494;-0.009275386665797752;-0.012615395778963376;-0.03487551823751473;-0.03539286478343098;-0.04732880299491166;-0.034154120610410205;0.025915439506646053;1
algorithm:auto_metric:minkowski_n_neighbors:3;0.00035338401794433595;7.55766964598465e-05;0.0006300067901611328;0.00012039601115718983;auto;minkowski;3;;-0.02059723163000921;-0.003990438323663321;-0.010697580641903423;-0.05484191885493148;-0.06769856807217954;-0.05100419375339718;-0.0012202125992642329;-0.03354023331188987;-0.04832450727204676;-0.09992971274747234;-0.05091979852777375;-0.03534153879516693;-0.006764775400546733;-0.11168547063270635;-0.003646304313945007;-0.011632593730680416;-0.06463998006178137;-0.03207383430654262;-0.008595307793182157;-0.1138983204542149;-0.008230053244162393;-0.009008469314526988;-0.07195197443254207;-0.0027378155850388635;-0.08337642327327005;-0.03240965356608743;-0.028752532662164234;-0.010373256805722746;-0.053920395502290844;-0.06463998006178137;-0.035150828801104164;-0.01461414501822255;-0.013917899747696935;-0.008175498562596513;-0.021328742998057343;-0.02580375330277371;-0.00912601359796085;-0.03746870731499504;-0.07019040946646884;-0.08927207461086124;-0.1158393352176214;-0.01899001496685714;-0.01630965348733764;-0.01348262053066454;-0.037031291882166216;-0.054967588684506595;-0.018259440670130817;-0.04136429049822566;-0.0035561089620089904;-0.019855700118686155;-0.023853174786899748;-0.024728836616212505;-0.07468035027045898;-0.023562820744939632;-0.08308153089134745;-0.08672382612525799;-0.023602055013516685;-0.02404203876324259;-0.03696075968712118;-0.017088472255473556;-0.056827045004367714;-0.0672854385109753;-0.002850706472004153;-0.040371819468712426;-0.06377612558680477;-0.024901227057694344;-0.021453547347025544;-0.01580395073973816;-0.018623383574981153;-0.032346717657255615;-0.04207759097817083;-0.05403829262567669;-0.05231240923895359;-0.02353922649075725;-0.015208695678231158;-0.06142617059742134;-0.021801405352324353;-0.0054326997524382845;-0.0070821613294101155;-0.01351141150370539;-0.007205758863469986;-0.0036562042870913257;-0.03575017603901113;-0.037311265270465674;-0.07759733440359409;-0.049354544250798715;-0.048494668174121666;-0.017088472255473556;-0.07160399753552031;-0.03811687814205897;-0.028056027875297113;-0.02851780077046542;-0.028326691913848182;-0.05403829262567669;-0.02208817474491691;-0.0032840936487141584;-0.01580395073973816;-0.024533437430323702;-0.054152502827245194;-0.04954673719538445;-0.03614668093224161;0.027176413210907236;2
algorithm:auto_metric:minkowski_n_neighbors:5;0.00031414031982421873;5.1514139688122447e-05;0.0005511665344238282;7.6842371810096e-05;auto;minkowski;5;;-0.023481428545261442;-0.0030802504402752356;-0.013084814961984872;-0.03500324597414985;-0.0891252051342447;-0.052205828357599675;-0.014204991758732567;-0.02498143816398534;-0.03890783532045124;-0.08844084719511107;-0.10366077310424382;-0.009811030273944019;-0.004761134869512581;-0.08343955349975662;-0.01434347791149799;-0.01761384680198599;-0.05039353052913935;-0.01681586504037517;-0.013402410498234254;-0.107732169992398;-0.00699123186582902;-0.014646016693134265;-0.07573224123538656;-0.028715541381821277;-0.0911410135300008;-0.01998759414728724;-0.00491243739660448;-0.006481921815514358;-0.052837562672429464;-0.05039353052913935;-0.04231074056166168;-0.01821627990652258;-0.01704641112524619;-0.017211240155420162;-0.005416887920327885;-0.019630283866491374;-0.005619504728684338;-0.06460938960498526;-0.11138269386307925;-0.08110154362569928;-0.08158982778986486;-0.00878936531793749;-0.009455799294326238;-0.007115322608778329;-0.038638513352123434;-0.08230886744174253;-0.01560530997741486;-0.047015471050080256;-0.00519052114798412;-0.02404741911228475;-0.006301902565180203;-0.041272807536145914;-0.07631377823751288;-0.006523451691500923;-0.14302040172761482;-0.09326602159546188;-0.024659263839019566;-0.027324763648624073;-0.020387971919217082;-0.019172235171448455;-0.0340513374766562;-0.05257556105924518;-0.004059048103468381;-0.046711407999851275;-0.07369250016591147;-0.01695501115725951;-0.011908802623509261;-0.019382203170092073;-0.015199571492753233;-0.01857197709510304;-0.02742026745206999;-0.07729450240684403;-0.034301115026407314;-0.026317678192843374;-0.02651215774486303;-0.05167754594965663;-0.014510512344780725;-0.0011681668654382857;-0.017613013332655886;-0.01595889887057772;-0.00849781029059868;-0.003682045671542022;-0.03939738556640985;-0.03302562529299138;-0.07226604801243568;-0.08014261299952587;-0.02495862245882749;-0.019172235171448455;-0.07617017575203464;-0.025996207553468837;-0.05319408458604557;-0.04073050204124049;-0.010758499431206658;-0.07729450240684403;-0.009397231850917702;-0.009537593424732371;-0.019382203170092073;-0.03210317862467344;-0.0415655632931823;-0.05119333662671077;-0.03631219502777326;0.03037382063074819;3
algorithm:auto_metric:minkowski_n_neighbors:2;0.0003723406791687012;8.08379721906846e-05;0.0006528830528259277;0.00012771767016777111;auto;minkowski;2;;-0.009712730827513085;-0.014984182721881645;-0.010624812515423326;-0.050073730510233276;-0.09775873838055849;-0.049035673453803934;-0.026353356179873638;-0.04927710802618538;-0.07578818941743393;-0.0479361934815979;-0.037677703623092536;-0.050835197478845;-0.007481624095299191;-0.16786386988232116;-0.011132004605573878;-0.03820829820658202;-0.06253347281403453;-0.040230145918342834;-0.004722764675296272;-0.13064656774476455;-0.013136311952981101;-0.005999604251641651;-0.050035761863223206;-0.01410577807330425;-0.08881784686568128;-0.029978720529311473;-0.04895295070233711;-0.01512072027765989;-0.11307610173277861;-0.06253347281403453;-0.06208033139403293;-0.01281965343691733;-0.024269731753579892;-0.02225940119807879;-0.033187922619805334;-0.04747030092430874;-0.005220317906649045;-0.08331436914471689;-0.0739728997746457;-0.053941935997839516;-0.09154759698964317;-0.02338290496875664;-0.02398030711250786;-0.021659628890302096;-0.06924751181101058;-0.052932924956372855;-0.041062832864224935;-0.08108881964174719;-0.012821986207578328;-0.030402479394070092;-0.02757814131645077;-0.06054702511278529;-0.04657824482128364;-0.03153269095905303;-0.034914201673068856;-0.06007005261395956;-0.010873538793878295;-0.019832681147034213;-0.019401089810623436;-0.0467456347791702;-0.05033532298248188;-0.054544251054400826;-0.015053538783753326;-0.06738793979544058;-0.07961722679395412;-0.013679683561471978;-0.012234231551862828;-0.04361662994983444;-0.006083828490512946;-0.04447303004162189;-0.05061065895438303;-0.05473132718047955;-0.05377073766960136;-0.03634721319795695;-0.02766202901504176;-0.11101725184865889;-0.03354490268842873;-0.0011482495487253712;-0.004405087909153594;-0.009117350801856404;-0.0030858442574883613;-0.006750739146006435;-0.05767687153444052;-0.052032262626692166;-0.09615855550514547;-0.04734875523127415;-0.059283503327019954;-0.0467456347791702;-0.024988176218151553;-0.02029018608502934;-0.05655771114686761;-0.035755523609733116;-0.04131239042593641;-0.05473132718047955;-0.026307244408645;-0.018326948157471306;-0.04361662994983444;-0.013911755410670268;-0.05203452923986217;-0.091384397964991;-0.04267050269660236;0.030050082576101443;4
algorithm:auto_metric:minkowski_n_neighbors:1;0.0004239177703857422;0.00013995855337414813;0.0007306122779846191;0.00022308611543903902;auto;minkowski;1;;-0.06866070637147031;-0.0463485805294753;-0.021299191373670673;-0.061861810324839506;-0.07864991223029487;-0.10583629189633094;-0.02417391269530727;-0.08245996240689743;-0.14975569591835666;-0.11487966424118348;-0.06359619510895712;-0.08415817342550004;-0.0475455363736417;-0.13123561390976093;-0.011164024831219012;-0.03334523938058363;-0.06250895714899918;-0.05176869693536411;-0.001195977863864591;-0.15514852092100065;-0.019015204671257332;-0.018141764710917763;-0.12056363973249085;-0.04099302232915419;-0.09336619163056885;-0.06144668645086301;-0.01690547104731887;-0.07387318030081665;-0.13387789807779243;-0.06250895714899918;-0.07368517796986386;-0.0482256814037483;-0.04500858643693656;-0.013597308855936088;-0.021135972214129915;-0.0314115767279163;-0.0704674962148711;-0.08737086172812848;-0.10864148457133671;-0.1782900661041048;-0.12956315253722148;-0.09215193128788642;-0.04763730544289988;-0.05290735364789415;-0.06196310607280203;-0.07475465120528131;-0.023441497494483494;-0.06887667893905386;-0.005127596744802922;-0.06666207130981339;-0.03507967018730371;-0.05346714957262952;-0.10423495845585701;-0.04188457218355249;-0.08722528073097147;-0.039170159091852584;-0.06021444277627853;-0.06840742097896149;-0.011717676738529125;-0.026867477548103508;-0.09215193128788642;-0.11261107209928511;-0.031385965149660446;-0.07874626054849555;-0.10190552443353769;-0.016999115537626373;-0.10095414519597205;-0.046772195573601315;-0.0260811813854773;-0.016399832220000552;-0.07109431255440447;-0.10291581260222193;-0.06181300335495569;-0.05995189533502937;-0.006049993248484224;-0.08300296008174352;-0.0919419071416678;-0.012223315565847444;-0.041430041456239804;-0.02767199866129454;-0.028187233201220838;-0.01356171037295153;-0.04824478078375941;-0.10915488971281617;-0.12182380762110366;-0.09816008999075591;-0.11177341471233988;-0.026867477548103508;-0.11487966424118348;-0.004695168372310336;-0.05847735416426775;-0.07232341518637268;-0.031421563632645005;-0.10291581260222193;-0.01953940211300813;-0.016683147360599147;-0.046772195573601315;-0.08040037040831344;-0.08793707780590375;-0.09022127161002806;-0.06331615355606984;0.03837283551964228;5
"algorithm:brute_metric:mahalanobis_metric_params:{'V': array([[ 0.36147772,  0.35574798,  0.3119257 ,  0.40411778,  0.40142174,
         0.28866485,  0.37330451,  0.31512211,  0.34454758,  0.55049078,
         0.35875323,  0.4342358 ,  0.40076069, -0.68151827, -0.22177886,
        -0.63072296, -0.46323615, -0.53189544, -0.11532057, -0.25944333,
        -0.21920419, -0.247386  , -0.49347305, -0.13242081, -0.46382999,
        -0.44034087],
       [ 0.35574798,  0.45286248,  0.29998847,  0.39624589,  0.44726612,
         0.29747406,  0.37833973,  0.28819939,  0.25544873,  0.64883545,
         0.31463568,  0.40260585,  0.42581902, -0.64145104, -0.24156128,
        -0.6133255 , -0.38631006, -0.49737235, -0.17622816, -0.32016037,
        -0.18102947, -0.30504271, -0.51575975, -0.20840088, -0.45023701,
        -0.42659029],
       [ 0.3119257 ,  0.29998847,  0.36319108,  0.41143203,  0.40080968,
         0.2923218 ,  0.37486156,  0.3548001 ,  0.41825544,  0.30992141,
         0.38780039,  0.45626099,  0.30736761, -0.73627052, -0.19122935,
        -0.54383793, -0.48451425, -0.50669407, -0.13209237, -0.20528242,
        -0.23286909, -0.20498876, -0.43398987, -0.16803998, -0.43379659,
        -0.41533109],
       [ 0.40411778,  0.39624589,  0.41143203,  0.53099497,  0.49555242,
         0.3717999 ,  0.44372492,  0.39330179,  0.44540219,  0.46756666,
         0.41498763,  0.50050504,  0.40582715, -0.81950428, -0.22838243,
        -0.64794674, -0.55806815, -0.60998763, -0.21044115, -0.30696979,
        -0.2607079 , -0.31259452, -0.5185907 , -0.18770931, -0.5019744 ,
        -0.51858141],
       [ 0.40142174,  0.44726612,  0.40080968,  0.49555242,  0.54829942,
         0.37073387,  0.47947498,  0.44182117,  0.459247  ,  0.61218681,
         0.46540745,  0.53276887,  0.47025633, -0.92001393, -0.25230786,
        -0.72491257, -0.58033506, -0.66503663, -0.16381203, -0.32038605,
        -0.23770383, -0.33630895, -0.57676306, -0.24743249, -0.57507316,
        -0.52516027],
       [ 0.28866485,  0.29747406,  0.2923218 ,  0.3717999 ,  0.37073387,
         0.27733357,  0.32897831,  0.30318254,  0.32654819,  0.35226778,
         0.31926377,  0.3678947 ,  0.31182315, -0.615208  , -0.15858551,
        -0.4776089 , -0.40704388, -0.45158368, -0.15360639, -0.23689149,
        -0.17817544, -0.23560182, -0.3821604 , -0.16197829, -0.37934558,
        -0.37049712],
       [ 0.37330451,  0.37833973,  0.37486156,  0.44372492,  0.47947498,
         0.32897831,  0.45104795,  0.43069453,  0.46879344,  0.53145527,
         0.45181906,  0.515234  ,  0.42571454, -0.87940518, -0.22338723,
        -0.70826711, -0.56710352, -0.62525416, -0.10470117, -0.26177177,
        -0.22435381, -0.28453798, -0.54709549, -0.20322039, -0.54670342,
        -0.47764159],
       [ 0.31512211,  0.28819939,  0.3548001 ,  0.39330179,  0.44182117,
         0.30318254,  0.43069453,  0.47872894,  0.52963034,  0.40613597,
         0.48612629,  0.50302669,  0.36161245, -0.94618356, -0.16703352,
        -0.63474362, -0.60865899, -0.6456455 , -0.05021822, -0.19829422,
        -0.20521576, -0.23095136, -0.46325655, -0.187947  , -0.53025643,
        -0.42397761],
       [ 0.34454758,  0.25544873,  0.41825544,  0.44540219,  0.459247  ,
         0.32654819,  0.46879344,  0.52963034,  0.65271363,  0.34920635,
         0.57455671,  0.59169073,  0.39496674, -1.03774797, -0.19509936,
        -0.72560554, -0.71126794, -0.70102837, -0.01200877, -0.16997517,
        -0.27789801, -0.19721363, -0.51821156, -0.17129745, -0.60193985,
        -0.49171347],
       [ 0.55049078,  0.64883545,  0.30992141,  0.46756666,  0.61218681,
         0.35226778,  0.53145527,  0.40613597,  0.34920635,  1.44982888,
         0.52634138,  0.60714109,  0.82125848, -0.96648313, -0.42125911,
        -1.1063674 , -0.61843801, -0.84936238, -0.03724073, -0.4499137 ,
        -0.28009045, -0.40509951, -0.86112183, -0.18117361, -0.78979389,
        -0.66629257],
       [ 0.35875323,  0.31463568,  0.38780039,  0.41498763,  0.46540745,
         0.31926377,  0.45181906,  0.48612629,  0.57455671,  0.52634138,
         0.58445793,  0.59884763,  0.47103542, -0.98933168, -0.23924568,
        -0.75719023, -0.66625585, -0.70081868, -0.01842988, -0.21634951,
        -0.30155146, -0.18725866, -0.5638481 , -0.1765618 , -0.62654048,
        -0.51065056],
       [ 0.4342358 ,  0.40260585,  0.45626099,  0.50050504,  0.53276887,
         0.3678947 ,  0.515234  ,  0.50302669,  0.59169073,  0.60714109,
         0.59884763,  0.66887658,  0.52024124, -1.04213001, -0.29681178,
        -0.86065373, -0.69312849, -0.73816799, -0.07739357, -0.27086135,
        -0.3385667 , -0.24927432, -0.66561084, -0.20525097, -0.67442749,
        -0.58705198],
       [ 0.40076069,  0.42581902,  0.30736761,  0.40582715,  0.47025633,
         0.31182315,  0.42571454,  0.36161245,  0.39496674,  0.82125848,
         0.47103542,  0.52024124,  0.64387421, -0.69038625, -0.29538488,
        -0.86124506, -0.48914859, -0.55840788, -0.0766947 , -0.34907612,
        -0.25717171, -0.33129698, -0.68501255, -0.20812222, -0.61515233,
        -0.54345777],
       [-0.68151827, -0.64145104, -0.73627052, -0.81950428, -0.92001393,
        -0.615208  , -0.87940518, -0.94618356, -1.03774797, -0.96648313,
        -0.98933168, -1.04213001, -0.69038625,  2.06866156,  0.38927382,
         1.27459444,  1.30754374,  1.45432053,  0.07183625,  0.36972115,
         0.46040412,  0.37295069,  0.9133756 ,  0.30521443,  1.09868941,
         0.87904812],
       [-0.22177886, -0.24156128, -0.19122935, -0.22838243, -0.25230786,
        -0.15858551, -0.22338723, -0.16703352, -0.19509936, -0.42125911,
        -0.23924568, -0.29681178, -0.29538488,  0.38927382,  0.19637562,
         0.4360927 ,  0.26415714,  0.30504233,  0.03884356,  0.15479553,
         0.16927251,  0.12470529,  0.35287601,  0.08967148,  0.31763015,
         0.2933307 ],
       [-0.63072296, -0.6133255 , -0.54383793, -0.64794674, -0.72491257,
        -0.4776089 , -0.70826711, -0.63474362, -0.72560554, -1.1063674 ,
        -0.75719023, -0.86065373, -0.86124506,  1.27459444,  0.4360927 ,
         1.34809969,  0.87500444,  0.95688291,  0.04065617,  0.42529735,
         0.39748813,  0.43703218,  1.03349207,  0.2820197 ,  0.97061939,
         0.81514811],
       [-0.46323615, -0.38631006, -0.48451425, -0.55806815, -0.58033506,
        -0.40704388, -0.56710352, -0.60865899, -0.71126794, -0.61843801,
        -0.66625585, -0.69312849, -0.48914859,  1.30754374,  0.26415714,
         0.87500444,  0.88383817,  0.94674498,  0.02584961,  0.24029972,
         0.33785022,  0.2289142 ,  0.61580861,  0.16070211,  0.73848243,
         0.60831357],
       [-0.53189544, -0.49737235, -0.50669407, -0.60998763, -0.66503663,
        -0.45158368, -0.62525416, -0.6456455 , -0.70102837, -0.84936238,
        -0.70081868, -0.73816799, -0.55840788,  1.45432053,  0.30504233,
         0.95688291,  0.94674498,  1.08390415,  0.05721961,  0.30840405,
         0.34995914,  0.28026189,  0.68317946,  0.17667699,  0.8092602 ,
         0.66939859],
       [-0.11532057, -0.17622816, -0.13209237, -0.21044115, -0.16381203,
        -0.15360639, -0.10470117, -0.05021822, -0.01200877, -0.03724073,
        -0.01842988, -0.07739357, -0.0766947 ,  0.07183625,  0.03884356,
         0.04065617,  0.02584961,  0.05721961,  0.26943762,  0.19500178,
         0.05035843,  0.19293362,  0.09960531,  0.12155724,  0.02608148,
         0.13880703],
       [-0.25944333, -0.32016037, -0.20528242, -0.30696979, -0.32038605,
        -0.23689149, -0.26177177, -0.19829422, -0.16997517, -0.4499137 ,
        -0.21634951, -0.27086135, -0.34907612,  0.36972115,  0.15479553,
         0.42529735,  0.24029972,  0.30840405,  0.19500178,  0.29066671,
         0.12835147,  0.28331453,  0.37371729,  0.1695864 ,  0.30149334,
         0.32472597],
       [-0.21920419, -0.18102947, -0.23286909, -0.2607079 , -0.23770383,
        -0.17817544, -0.22435381, -0.20521576, -0.27789801, -0.28009045,
        -0.30155146, -0.3385667 , -0.25717171,  0.46040412,  0.16927251,
         0.39748813,  0.33785022,  0.34995914,  0.05035843,  0.12835147,
         0.22475362,  0.0701466 ,  0.31477301,  0.05911159,  0.31913929,
         0.31292967],
       [-0.247386  , -0.30504271, -0.20498876, -0.31259452, -0.33630895,
        -0.23560182, -0.28453798, -0.23095136, -0.19721363, -0.40509951,
        -0.18725866, -0.24927432, -0.33129698,  0.37295069,  0.12470529,
         0.43703218,  0.2289142 ,  0.28026189,  0.19293362,  0.28331453,
         0.0701466 ,  0.35794351,  0.37775631,  0.20352696,  0.28943142,
         0.308638  ],
       [-0.49347305, -0.51575975, -0.43398987, -0.5185907 , -0.57676306,
        -0.3821604 , -0.54709549, -0.46325655, -0.51821156, -0.86112183,
        -0.5638481 , -0.66561084, -0.68501255,  0.9133756 ,  0.35287601,
         1.03349207,  0.61580861,  0.68317946,  0.09960531,  0.37371729,
         0.31477301,  0.37775631,  0.82762464,  0.25784712,  0.72986914,
         0.64496918],
       [-0.13242081, -0.20840088, -0.16803998, -0.18770931, -0.24743249,
        -0.16197829, -0.20322039, -0.187947  , -0.17129745, -0.18117361,
        -0.1765618 , -0.20525097, -0.20812222,  0.30521443,  0.08967148,
         0.2820197 ,  0.16070211,  0.17667699,  0.12155724,  0.1695864 ,
         0.05911159,  0.20352696,  0.25784712,  0.20227236,  0.21734908,
         0.19401972],
       [-0.46382999, -0.45023701, -0.43379659, -0.5019744 , -0.57507316,
        -0.37934558, -0.54670342, -0.53025643, -0.60193985, -0.78979389,
        -0.62654048, -0.67442749, -0.61515233,  1.09868941,  0.31763015,
         0.97061939,  0.73848243,  0.8092602 ,  0.02608148,  0.30149334,
         0.31913929,  0.28943142,  0.72986914,  0.21734908,  0.75330781,
         0.61771748],
       [-0.44034087, -0.42659029, -0.41533109, -0.51858141, -0.52516027,
        -0.37049712, -0.47764159, -0.42397761, -0.49171347, -0.66629257,
        -0.51065056, -0.58705198, -0.54345777,  0.87904812,  0.2933307 ,
         0.81514811,  0.60831357,  0.66939859,  0.13880703,  0.32472597,
         0.31292967,  0.308638  ,  0.64496918,  0.19401972,  0.61771748,
         0.59024047]]), 'VI': array([[ 6.33486386e+02,  5.73146324e+01, -1.11646092e+02,
        -1.54381322e+02, -8.59645688e+01, -1.74778143e+02,
         1.32389520e+02,  1.61321623e+02,  1.09255163e+01,
        -6.40735700e+01,  1.18378446e+02, -4.52651356e+02,
         1.08184336e+02, -1.18604008e+02, -4.68184992e+01,
         9.06777557e+01,  9.18427068e+01,  7.61327576e+01,
         7.19124144e+01,  1.75650553e+02, -3.07379678e+02,
        -4.01979600e+01,  3.45040179e+01, -2.23134234e+02,
         1.68548939e+02, -1.51639745e+02],
       [ 5.73146324e+01,  3.83676832e+01,  1.08756813e+00,
        -1.97830296e+01, -2.33683178e+01, -3.88141398e+01,
         2.00667075e+01,  2.67838779e+01,  1.91494176e+01,
        -6.97755820e-01,  1.06266215e+01, -5.95319424e+01,
         5.95025583e-01,  1.23786822e+01,  1.33022262e+00,
         2.05124794e+01, -1.96700961e+01, -7.41596105e-01,
         1.76553115e+01,  7.67334371e+00, -4.35138245e+01,
         5.18139859e-02, -9.13800261e+00, -3.76842908e+01,
         3.29238591e+01, -1.35741570e+01],
       [-1.11646092e+02,  1.08756813e+00,  4.09331048e+02,
        -1.46666884e+02,  4.82075392e+01, -2.89876723e+02,
        -1.62997614e+02,  2.91400165e+02, -5.22691268e+00,
        -4.45047349e+01, -1.06042846e+02, -6.14096797e+00,
         8.60244023e+01,  1.68175035e+02, -9.02998798e+01,
        -2.06529632e+02,  1.62586722e+02, -2.52378444e+02,
        -2.48802506e+02, -3.63314774e+01,  3.52510813e+02,
         1.90839435e+02,  2.36889328e+02,  1.21390497e+02,
        -1.34012554e+02, -2.26983276e+02],
       [-1.54381322e+02, -1.97830296e+01, -1.46666884e+02,
         2.48448518e+02,  1.06294728e+01,  1.24647262e+02,
        -5.41597431e+01, -2.91828986e+01, -1.03113139e+02,
         1.58146771e+01,  7.15257752e+01,  2.51327494e+01,
        -4.43726397e+01, -9.99350522e+01,  2.77405066e+01,
         1.75194987e+01, -1.34103153e+00,  1.44096186e+02,
         3.01428879e+01,  2.96841632e+01, -1.06038335e+02,
        -7.99807443e+01, -1.07985007e+02,  1.01674187e+02,
        -1.15675920e+02,  2.15558681e+02],
       [-8.59645688e+01, -2.33683178e+01,  4.82075392e+01,
         1.06294728e+01,  3.52422272e+01,  6.64427188e+00,
        -3.81123323e+01,  5.83515534e+00, -2.31805523e+01,
         1.34107472e+00, -1.41208637e+01,  6.02449528e+01,
        -1.62122241e+01,  3.13781608e+01,  2.48089556e+00,
        -3.27659649e+01,  1.72726742e+01, -3.40797217e+01,
        -2.75198796e+01, -1.54045851e+01,  7.55028891e+01,
         1.71306761e+01,  2.18388166e+01,  4.23972006e+01,
        -5.49162764e+01, -1.05005835e+01],
       [-1.74778143e+02, -3.88141398e+01, -2.89876723e+02,
         1.24647262e+02,  6.64427188e+00,  3.55234218e+02,
         1.11031694e+02, -3.83481253e+02,  3.07755599e+01,
         6.85235668e+01,  8.77478371e+00,  2.65434358e+02,
        -1.31530002e+02, -6.06810513e+01,  1.07087326e+02,
         1.41787331e+02, -2.06977297e+02,  1.45495632e+02,
         1.96705702e+02, -7.59195185e+01, -1.22440790e+02,
        -1.33270683e+02, -2.04672080e+02, -3.49292007e+01,
         7.74808750e+01,  2.17746549e+02],
       [ 1.32389520e+02,  2.00667075e+01, -1.62997614e+02,
        -5.41597431e+01, -3.81123323e+01,  1.11031694e+02,
         1.40250554e+02, -1.87057245e+02,  8.09208894e+01,
         2.67213412e+01,  1.38105933e+01,  4.90403849e+00,
        -3.64138162e+01, -3.49211806e+01,  5.35435963e+01,
         1.25622814e+02, -1.20730707e+02,  6.65170664e+01,
         1.45534285e+02, -3.32828711e+00, -1.53914136e+02,
        -7.12890538e+01, -9.96175659e+01, -1.40025846e+02,
         1.66783284e+02,  1.44705578e+01],
       [ 1.61321623e+02,  2.67838779e+01,  2.91400165e+02,
        -2.91828986e+01,  5.83515534e+00, -3.83481253e+02,
        -1.87057245e+02,  5.21036061e+02, -1.31209798e+02,
        -8.68886736e+01,  4.52767661e+01, -3.11303546e+02,
         1.19669275e+02,  4.52352282e+01, -1.46505027e+02,
        -1.83378824e+02,  2.72787817e+02, -1.12268653e+02,
        -2.38976685e+02,  1.04596814e+02,  1.12553238e+02,
         1.18240061e+02,  2.30949064e+02,  1.13713491e+02,
        -2.05227450e+02, -1.53916856e+02],
       [ 1.09255163e+01,  1.91494176e+01, -5.22691268e+00,
        -1.03113139e+02, -2.31805523e+01,  3.07755599e+01,
         8.09208894e+01, -1.31209798e+02,  1.13631686e+02,
         2.14471214e+01, -6.19001168e+01,  6.29564955e+01,
         5.09045156e+00,  3.04845037e+01,  1.77587902e+01,
         4.65295400e+01, -8.99678633e+01, -3.17640992e+01,
         4.78773476e+01, -4.79513866e+01,  1.34349788e+01,
         9.15311390e+00, -1.71597745e+01, -8.15607682e+01,
         1.33814491e+02, -5.09154400e+01],
       [-6.40735700e+01, -6.97755820e-01, -4.45047349e+01,
         1.58146771e+01,  1.34107472e+00,  6.85235668e+01,
         2.67213412e+01, -8.68886736e+01,  2.14471214e+01,
         2.70898111e+01, -5.12925604e+00,  8.02871694e+01,
        -4.79659714e+01,  1.50535053e+01,  3.10056329e+01,
         3.81968871e+01, -6.54701133e+01,  1.49958564e+01,
         4.79168003e+01, -2.99239878e+01, -1.54082206e+01,
        -3.00376024e+01, -5.01370958e+01, -1.18048413e+01,
         2.68228759e+01,  3.68251989e+01],
       [ 1.18378446e+02,  1.06266215e+01, -1.06042846e+02,
         7.15257752e+01, -1.41208637e+01,  8.77478371e+00,
         1.38105933e+01,  4.52767661e+01, -6.19001168e+01,
        -5.12925604e+00,  9.29128680e+01, -1.16982433e+02,
        -2.39428100e+01, -5.74607559e+01,  1.89181504e+01,
         4.87675806e+01,  1.61383936e+01,  8.52630567e+01,
         5.26643196e+01,  6.51612321e+01, -1.56669894e+02,
        -6.29587439e+01, -5.46423236e+01, -2.60763356e+01,
        -1.64827065e+01,  5.41900923e+01],
       [-4.52651356e+02, -5.95319424e+01, -6.14096797e+00,
         2.51327494e+01,  6.02449528e+01,  2.65434358e+02,
         4.90403849e+00, -3.11303546e+02,  6.29564955e+01,
         8.02871694e+01, -1.16982433e+02,  4.90373883e+02,
        -1.54749394e+02,  1.26591570e+02,  6.70309177e+01,
         1.13220146e+01, -1.94420892e+02, -5.64921648e+01,
         5.30270347e+01, -1.97335463e+02,  2.14145975e+02,
        -1.52554887e+01, -7.30347219e+01,  8.01484295e+01,
        -1.34355510e+01,  1.09733761e+02],
       [ 1.08184336e+02,  5.95025583e-01,  8.60244023e+01,
        -4.43726397e+01, -1.62122241e+01, -1.31530002e+02,
        -3.64138162e+01,  1.19669275e+02,  5.09045156e+00,
        -4.79659714e+01, -2.39428100e+01, -1.54749394e+02,
         1.42377900e+02, -6.33247076e+01, -6.25184663e+01,
        -7.20519410e+01,  1.25939777e+02, -2.50703693e+01,
        -1.06022694e+02,  5.51708401e+01,  3.83207982e+01,
         7.45210001e+01,  9.56180556e+01,  1.43294326e+01,
        -2.28112808e+00, -7.93846265e+01],
       [-1.18604008e+02,  1.23786822e+01,  1.68175035e+02,
        -9.99350522e+01,  3.13781608e+01, -6.06810513e+01,
        -3.49211806e+01,  4.52352282e+01,  3.04845037e+01,
         1.50535053e+01, -5.74607559e+01,  1.26591570e+02,
        -6.33247076e+01,  1.73456568e+02, -3.88174913e+00,
        -4.39249370e+01, -4.26442502e+01, -1.44024555e+02,
        -3.73503921e+01, -8.42216535e+01,  1.74235319e+02,
         5.53222601e+01,  6.72044954e+01,  1.92935973e+01,
        -3.17534925e+01, -9.60802660e+01],
       [-4.68184992e+01,  1.33022262e+00, -9.02998798e+01,
         2.77405066e+01,  2.48089556e+00,  1.07087326e+02,
         5.35435963e+01, -1.46505027e+02,  1.77587902e+01,
         3.10056329e+01,  1.89181504e+01,  6.70309177e+01,
        -6.25184663e+01, -3.88174913e+00,  9.41189242e+01,
         6.67909884e+01, -7.90779838e+01,  3.11678462e+01,
         8.52805290e+01, -1.45958942e+01, -6.52125896e+01,
        -4.55771454e+01, -1.04968872e+02, -3.87357749e+01,
         5.18058931e+01,  4.21310955e+01],
       [ 9.06777557e+01,  2.05124794e+01, -2.06529632e+02,
         1.75194987e+01, -3.27659649e+01,  1.41787331e+02,
         1.25622814e+02, -1.83378824e+02,  4.65295400e+01,
         3.81968871e+01,  4.87675806e+01,  1.13220146e+01,
        -7.20519410e+01, -4.39249370e+01,  6.67909884e+01,
         1.44759798e+02, -1.33997116e+02,  1.05638281e+02,
         1.67566444e+02,  3.88809436e+00, -1.99227728e+02,
        -1.05207096e+02, -1.37079407e+02, -1.19401162e+02,
         1.29965500e+02,  7.40179046e+01],
       [ 9.18427068e+01, -1.96700961e+01,  1.62586722e+02,
        -1.34103153e+00,  1.72726742e+01, -2.06977297e+02,
        -1.20730707e+02,  2.72787817e+02, -8.99678633e+01,
        -6.54701133e+01,  1.61383936e+01, -1.94420892e+02,
         1.25939777e+02, -4.26442502e+01, -7.90779838e+01,
        -1.33997116e+02,  2.21639193e+02, -5.05590922e+01,
        -1.74025986e+02,  9.00341271e+01,  8.27423171e+01,
         8.77364775e+01,  1.41720611e+02,  8.95921770e+01,
        -1.26531255e+02, -9.46184468e+01],
       [ 7.61327576e+01, -7.41596105e-01, -2.52378444e+02,
         1.44096186e+02, -3.40797217e+01,  1.45495632e+02,
         6.65170664e+01, -1.12268653e+02, -3.17640992e+01,
         1.49958564e+01,  8.52630567e+01, -5.64921648e+01,
        -2.50703693e+01, -1.44024555e+02,  3.11678462e+01,
         1.05638281e+02, -5.05590922e+01,  1.86019801e+02,
         1.21418331e+02,  5.53795388e+01, -2.39045136e+02,
        -1.17940934e+02, -1.36638819e+02, -4.00774299e+01,
         4.02865923e+01,  1.68668765e+02],
       [ 7.19124144e+01,  1.76553115e+01, -2.48802506e+02,
         3.01428879e+01, -2.75198796e+01,  1.96705702e+02,
         1.45534285e+02, -2.38976685e+02,  4.78773476e+01,
         4.79168003e+01,  5.26643196e+01,  5.30270347e+01,
        -1.06022694e+02, -3.73503921e+01,  8.52805290e+01,
         1.67566444e+02, -1.74025986e+02,  1.21418331e+02,
         2.08662326e+02, -9.28767610e+00, -2.16322210e+02,
        -1.28117505e+02, -1.67884635e+02, -1.31050067e+02,
         1.37447112e+02,  1.01548275e+02],
       [ 1.75650553e+02,  7.67334371e+00, -3.63314774e+01,
         2.96841632e+01, -1.54045851e+01, -7.59195185e+01,
        -3.32828711e+00,  1.04596814e+02, -4.79513866e+01,
        -2.99239878e+01,  6.51612321e+01, -1.97335463e+02,
         5.51708401e+01, -8.42216535e+01, -1.45958942e+01,
         3.88809436e+00,  9.00341271e+01,  5.53795388e+01,
        -9.28767610e+00,  9.87906171e+01, -1.15982530e+02,
        -1.47358135e+01,  4.95445416e+00, -2.21683230e+01,
        -7.74975135e+00, -1.60474529e+01],
       [-3.07379678e+02, -4.35138245e+01,  3.52510813e+02,
        -1.06038335e+02,  7.55028891e+01, -1.22440790e+02,
        -1.53914136e+02,  1.12553238e+02,  1.34349788e+01,
        -1.54082206e+01, -1.56669894e+02,  2.14145975e+02,
         3.83207982e+01,  1.74235319e+02, -6.52125896e+01,
        -1.99227728e+02,  8.27423171e+01, -2.39045136e+02,
        -2.16322210e+02, -1.15982530e+02,  4.28517874e+02,
         1.72132089e+02,  1.94803774e+02,  1.63469748e+02,
        -1.41795722e+02, -1.39417564e+02],
       [-4.01979600e+01,  5.18139859e-02,  1.90839435e+02,
        -7.99807443e+01,  1.71306761e+01, -1.33270683e+02,
        -7.12890538e+01,  1.18240061e+02,  9.15311390e+00,
        -3.00376024e+01, -6.29587439e+01, -1.52554887e+01,
         7.45210001e+01,  5.53222601e+01, -4.55771454e+01,
        -1.05207096e+02,  8.77364775e+01, -1.17940934e+02,
        -1.28117505e+02, -1.47358135e+01,  1.72132089e+02,
         1.07812680e+02,  1.18760737e+02,  5.25645966e+01,
        -4.78460375e+01, -1.11849210e+02],
       [ 3.45040179e+01, -9.13800261e+00,  2.36889328e+02,
        -1.07985007e+02,  2.18388166e+01, -2.04672080e+02,
        -9.96175659e+01,  2.30949064e+02, -1.71597745e+01,
        -5.01370958e+01, -5.46423236e+01, -7.30347219e+01,
         9.56180556e+01,  6.72044954e+01, -1.04968872e+02,
        -1.37079407e+02,  1.41720611e+02, -1.36638819e+02,
        -1.67884635e+02,  4.95445416e+00,  1.94803774e+02,
         1.18760737e+02,  1.90271220e+02,  6.44730106e+01,
        -8.60486528e+01, -1.52979282e+02],
       [-2.23134234e+02, -3.76842908e+01,  1.21390497e+02,
         1.01674187e+02,  4.23972006e+01, -3.49292007e+01,
        -1.40025846e+02,  1.13713491e+02, -8.15607682e+01,
        -1.18048413e+01, -2.60763356e+01,  8.01484295e+01,
         1.43294326e+01,  1.92935973e+01, -3.87357749e+01,
        -1.19401162e+02,  8.95921770e+01, -4.00774299e+01,
        -1.31050067e+02, -2.21683230e+01,  1.63469748e+02,
         5.25645966e+01,  6.44730106e+01,  1.70088116e+02,
        -1.74689974e+02,  4.82039709e+01],
       [ 1.68548939e+02,  3.29238591e+01, -1.34012554e+02,
        -1.15675920e+02, -5.49162764e+01,  7.74808750e+01,
         1.66783284e+02, -2.05227450e+02,  1.33814491e+02,
         2.68228759e+01, -1.64827065e+01, -1.34355510e+01,
        -2.28112808e+00, -3.17534925e+01,  5.18058931e+01,
         1.29965500e+02, -1.26531255e+02,  4.02865923e+01,
         1.37447112e+02, -7.74975135e+00, -1.41795722e+02,
        -4.78460375e+01, -8.60486528e+01, -1.74689974e+02,
         2.29890509e+02, -3.73238459e+01],
       [-1.51639745e+02, -1.35741570e+01, -2.26983276e+02,
         2.15558681e+02, -1.05005835e+01,  2.17746549e+02,
         1.44705578e+01, -1.53916856e+02, -5.09154400e+01,
         3.68251989e+01,  5.41900923e+01,  1.09733761e+02,
        -7.93846265e+01, -9.60802660e+01,  4.21310955e+01,
         7.40179046e+01, -9.46184468e+01,  1.68668765e+02,
         1.01548275e+02, -1.60474529e+01, -1.39417564e+02,
        -1.11849210e+02, -1.52979282e+02,  4.82039709e+01,
        -3.73238459e+01,  2.52134389e+02]])}_n_neighbors:1";0.0004212212562561035;9.218273521177807e-05;0.010950181484222412;0.016232443833019725;brute;mahalanobis;1;"{'V': array([[ 0.36147772,  0.35574798,  0.3119257 ,  0.40411778,  0.40142174,
         0.28866485,  0.37330451,  0.31512211,  0.34454758,  0.55049078,
         0.35875323,  0.4342358 ,  0.40076069, -0.68151827, -0.22177886,
        -0.63072296, -0.46323615, -0.53189544, -0.11532057, -0.25944333,
        -0.21920419, -0.247386  , -0.49347305, -0.13242081, -0.46382999,
        -0.44034087],
       [ 0.35574798,  0.45286248,  0.29998847,  0.39624589,  0.44726612,
         0.29747406,  0.37833973,  0.28819939,  0.25544873,  0.64883545,
         0.31463568,  0.40260585,  0.42581902, -0.64145104, -0.24156128,
        -0.6133255 , -0.38631006, -0.49737235, -0.17622816, -0.32016037,
        -0.18102947, -0.30504271, -0.51575975, -0.20840088, -0.45023701,
        -0.42659029],
       [ 0.3119257 ,  0.29998847,  0.36319108,  0.41143203,  0.40080968,
         0.2923218 ,  0.37486156,  0.3548001 ,  0.41825544,  0.30992141,
         0.38780039,  0.45626099,  0.30736761, -0.73627052, -0.19122935,
        -0.54383793, -0.48451425, -0.50669407, -0.13209237, -0.20528242,
        -0.23286909, -0.20498876, -0.43398987, -0.16803998, -0.43379659,
        -0.41533109],
       [ 0.40411778,  0.39624589,  0.41143203,  0.53099497,  0.49555242,
         0.3717999 ,  0.44372492,  0.39330179,  0.44540219,  0.46756666,
         0.41498763,  0.50050504,  0.40582715, -0.81950428, -0.22838243,
        -0.64794674, -0.55806815, -0.60998763, -0.21044115, -0.30696979,
        -0.2607079 , -0.31259452, -0.5185907 , -0.18770931, -0.5019744 ,
        -0.51858141],
       [ 0.40142174,  0.44726612,  0.40080968,  0.49555242,  0.54829942,
         0.37073387,  0.47947498,  0.44182117,  0.459247  ,  0.61218681,
         0.46540745,  0.53276887,  0.47025633, -0.92001393, -0.25230786,
        -0.72491257, -0.58033506, -0.66503663, -0.16381203, -0.32038605,
        -0.23770383, -0.33630895, -0.57676306, -0.24743249, -0.57507316,
        -0.52516027],
       [ 0.28866485,  0.29747406,  0.2923218 ,  0.3717999 ,  0.37073387,
         0.27733357,  0.32897831,  0.30318254,  0.32654819,  0.35226778,
         0.31926377,  0.3678947 ,  0.31182315, -0.615208  , -0.15858551,
        -0.4776089 , -0.40704388, -0.45158368, -0.15360639, -0.23689149,
        -0.17817544, -0.23560182, -0.3821604 , -0.16197829, -0.37934558,
        -0.37049712],
       [ 0.37330451,  0.37833973,  0.37486156,  0.44372492,  0.47947498,
         0.32897831,  0.45104795,  0.43069453,  0.46879344,  0.53145527,
         0.45181906,  0.515234  ,  0.42571454, -0.87940518, -0.22338723,
